clear
clc

Data_Coor = [-7.546771  110.7774344; -7.555661  110.744605; -7.545236  110.726411; -7.718148  110.580660; -7.622274  110.703242;
             -7.675357  110.662507; -7.711512  110.609565; -7.713042  110.603138;  7.713042  110.603138; -7.713873  110.603776;
             -7.477418  110.926050; -7.437668  110.977394];
         
Data_Dist = [0 3751.387046 5626.993476 28869.39181 11720.02001 19101.8857 26035.51156 26661.19767 26661.19767 26674.85032 18107.67272 25162.31599;
            3751.387046 0 2316.450034 25551.9042 8697.646098 16094.02104 22843.31057 23437.71449 23437.71449 23460.20156 21812.5856 28822.93744;
            5626.993476 2316.450034 0 25053.95693 8938.782525 16091.99778 22531.73238 23081.22878 23081.22878 23114.80028 23264.43066 30144.32638;
            28869.39181 25551.9042 25053.95693 0 17208.44872 10197.14246 3269.352991 2541.05032 2541.05032 2591.08442 46537.33509 53711.70339;
            11720.02001 8697.646098 8938.782525 17208.44872 0 7415.74374 14318.94371 14951.98062 14951.98062 14962.92069 29370.94117 36533.50236;
            19101.8857 16094.02104 16091.99778 10197.14246 7415.74374 0 7084.958266 7769.054934 7769.054934 7760.551167 36445.33315 43626.76167;
            26035.51156 22843.31057 22531.73238 3269.352991 14318.94371 7084.958266 0 728.3332376 728.3332376 689.7956297 43524.37969 50704.99451;
            26661.19767 23437.71449 23081.22878 2541.05032 14951.98062 7769.054934 728.3332376 0 0 116.1053095 44194.74232 51374.36433;
            26661.19767 23437.71449 23081.22878 2541.05032 14951.98062 7769.054934 728.3332376 0 0 116.1053095 44194.74232 51374.36433;
            26674.85032 23460.20156 23114.80028 2591.08442 14962.92069 7760.551167 689.7956297 116.1053095 116.1053095 0 44193.01644 51373.07028;
            18107.67272 21812.5856 23264.43066 46537.33509 29370.94117 36445.33315 43524.37969 44194.74232 44194.74232 44193.01644 0 7182.030423;
            25162.31599 28822.93744 30144.32638 53711.70339 36533.50236 43626.76167 50704.99451 51374.36433 51374.36433 51373.07028 7182.030423 0];
Data_Demand = [0; 189; 70; 830; 560; 700; 540; 204; 995; 405; 858; 436];
Capacity = 3000;

[Route, QRoute, DRoute] = CIH_Sweep(Data_Coor, Data_Dist, Data_Demand, Capacity);
